1.249004513030070882e+02
1.248617237528870021e+02
1.243270381907164364e+02
1.246655116319221577e+02
1.235523263955822415e+02
1.226591407253115733e+02
1.198685012811614712e+02
1.276381199418829482e+02
1.266583616505203338e+02
1.310385071411660363e+02
1.251760137874300227e+02
1.224705125167871529e+02
1.237312478789096559e+02
1.250080020419988784e+02
1.215516692080100114e+02
1.254140346222677067e+02
1.295644983057464117e+02
1.202168926280357226e+02
1.253181503131287684e+02
0.000000000000000000e+00
